1000020628634,20250311,20250311,N,8600029644,4910052408623,3000000
1012020787815,20250311,20250311,N,9011343546,6908303237359,4560000
1092020706461,20250311,20250311,N,8070003557,320250006334521,288000
1092020706477,20250311,20250311,N,8070003557,320250006334539,160000
1092020706484,20250311,20250311,N,8070003557,320250006334546,12052000
1092020706491,20250311,20250311,N,8070003557,320250006328924,16151000
1092020706501,20250311,20250311,N,8070003557,320250006328931,440000
1095050510910,20250311,20250311,N,8600021538,320250006250446,476000
1095050510928,20250311,20250311,N,8600021538,320250006251405,1981000
1095050510935,20250311,20250311,N,8600021538,320250006251365,71000
1095050510942,20250311,20250311,N,8600021538,320250006250460,250000
1095050510951,20250311,20250311,N,8600021538,320250006251412,9674000
1095050510967,20250311,20250311,N,8600021538,320250006251421,1300000
1095050510974,20250311,20250311,N,8600021538,320250006251397,1894000
1095050510981,20250310,20250311,A,8600021538,320250006250485,4026000
1095050510999,20250311,20250311,N,8600021538,320250006250439,517000
1095050511009,20250311,20250311,N,8600021538,320250006250414,964000
1095050511016,20250311,20250311,N,8600021538,320250006250421,159000
1095050511023,20250311,20250311,N,8600021538,320250006251358,236000
1095050511030,20250311,20250311,N,8600021538,320250006250453,1518000
1095050511048,20250311,20250311,N,8600021538,320250006251381,3408000
1095050511055,20250311,20250311,N,8600021538,320250006251372,62855000
1097020163800,20250311,20250311,N,8904014834,4820250004845186,6215000
1097020163818,20250311,20250311,N,8904014834,4820250004845219,8042000
1097020163825,20250311,20250311,N,8904014834,4820250004845226,2249000
1097020163832,20250311,20250311,N,8904014834,4820250004845233,468000
1097020163841,20250311,20250311,N,8904014834,4820250004845240,113000
1097020163857,20250311,20250311,N,8904014834,4820250004845258,137000
1097020163864,20250311,20250311,N,8904014834,4820250004845265,1542000
1097020163871,20250311,20250311,N,8904014834,4820250004845272,1382000
1097020163889,20250311,20250311,N,8904014834,4820250004845281,14846000
1097020163896,20250311,20250311,N,8904014834,4820250004845297,215000
1097020163904,20250311,20250311,N,8904014834,4820250004845511,219000
1097020163911,20250311,20250311,N,8904014834,4820250004845305,137000
1097020163929,20250311,20250311,N,8904014834,4820250004845312,683000
1097020163936,20250311,20250311,N,8904014834,4820250004845337,187000
1097020163943,20250311,20250311,N,8904014834,4820250004845344,453000
1097020163950,20250310,20250311,A,8904014834,4820250004845369,820000
1097020163968,20250310,20250311,A,8904014834,4820250004845383,878000
1097020163975,20250310,20250311,A,8904014834,4820250004845390,2423000
1136010101271,20250311,20250311,N,910131765,6908303239742,6550000
1146010651611,20250311,20250311,N,9006461457,4910052401221,44165000
1186030663557,20250311,20250311,N,8600233691,6908303239670,498000
1186040208750,20250311,20250311,N,8002546105,3520250008467041,146000
1186040208768,20250311,20250311,N,8002546105,3520250008467066,205000
1186040208775,20250311,20250311,N,8002546105,3520250008467073,642000
1186040208782,20250311,20250311,N,8002546105,3520250008467080,143000
1186040208791,20250311,20250311,N,8002546105,3520250008467098,4395000
1186040208808,20250311,20250310,A,8002546105,3520250008467106,631000
1186040208808,20250311,20250311,N,8002546105,3520250008467113,3182000
1186040208822,20250311,20250311,N,8002546105,3520250008467059,927000
1203030583041,20250311,20250311,N,8902123573,6908303239348,471000
1204104416306,20250311,20250311,N,9000813591,4820250004841943,21280000
1204104416313,20250311,20250311,N,8002546105,4820250004788541,18000
1204104416320,20250311,20250311,N,8002546105,4820250004788559,1499000
1204104416338,20250311,20250311,N,8002546105,4820250004788566,16000
1204104416345,20250311,20250311,N,8002546105,4820250004788573,2904000
1204104416352,20250311,20250311,N,8002546105,4820250004788580,302000
1204104416361,20250311,20250311,N,8002546105,4820250004788598,85000
1204104416377,20250311,20250311,N,8002546105,4820250004788606,157000
1204104416384,20250311,20250311,N,8002546105,4820250004788613,29000
1204104416391,20250311,20250311,N,8002546105,4820250004788620,49000
1204104416401,20250311,20250311,N,8002546105,4820250004788638,22000
1204104416417,20250311,20250311,N,8002546105,4820250004788645,86000
1204104416424,20250311,20250311,N,8002546105,4820250004793892,86000
1204104416431,20250311,20250311,B,8002546105,4820250004788652,15000
1204104416449,20250311,20250311,N,8002546105,4820250004788661,11000
1204104416456,20250311,20250311,N,8002546105,4820250004788677,140000
1204104416463,20250311,20250311,N,8002546105,4820250004788684,325000
1204104416470,20250311,20250311,N,8002546105,4820250004788691,50000
1204104416488,20250311,20250311,N,8002546105,4820250004788701,95000
1204104416495,20250311,20250311,N,8002546105,4820250004788717,316000
1204104416503,20250311,20250311,N,8002546105,4820250004788724,96000
1204104416510,20250311,20250311,N,8002546105,4820250004788731,196000
1204104416528,20250310,20250311,A,8002546105,4820250004788749,339000
1204104416535,20250310,20250311,A,8002546105,4820250004788756,63000
1204104416542,20250310,20250311,A,8002546105,4820250004788763,32000
1204104416551,20250310,20250311,A,8002546105,4820250004788770,1605000
1204104416567,20250310,20250311,A,8002546105,4820250004788788,112000
1204104416574,20250310,20250311,A,8002546105,4820250004788795,22000
1204104416581,20250310,20250311,A,8002546105,4820250004788803,85000
1204104416599,20250310,20250311,A,8002546105,4820250004788810,21000
1204104416607,20250310,20250311,A,8002546105,4820250004788828,47000
1204104416614,20250310,20250311,A,8002546105,4820250004788835,56000
1204104416621,20250310,20250311,A,8002546105,4820250004788842,358000
1204104416639,20250310,20250311,A,8002546105,4820250004788851,58000
1204104416646,20250310,20250311,A,8002546105,4820250004788867,42000
1204104416653,20250310,20250311,A,8002546105,4820250004788874,52000
1204104416660,20250311,20250311,N,8002546105,4820250004788881,273000
1204104416678,20250311,20250311,N,8002546105,4820250004788899,41000
1204104416685,20250311,20250311,N,8002546105,4820250004788907,55000
1204104416692,20250311,20250311,N,8002546105,4820250004788914,636000
1204104416700,20250311,20250311,N,8002546105,4820250004788921,619000
1204104416718,20250311,20250311,N,8002546105,4820250004788939,66000
1204104416725,20250311,20250311,N,8002546105,4820250004788946,29000
1204104416732,20250311,20250311,N,8002546105,4820250004788953,296000
1204104416741,20250311,20250311,N,8002546105,4820250004788960,19000
1204104416757,20250311,20250311,N,8002546105,4820250004788978,171000
1204104416764,20250311,20250311,N,8002546105,4820250004788985,97000
1204104416771,20250311,20250311,N,8002546105,4820250004788992,872000
1204104416789,20250311,20250311,N,8002546105,4820250004789002,47000
1204104416796,20250311,20250311,N,8002546105,4820250004789011,92000
1204104416804,20250311,20250311,N,8002546105,4820250004789027,39000
1204104416811,20250311,20250311,N,8002546105,4820250004789034,41000
1204104416829,20250311,20250311,N,8002546105,4820250004789041,41000
1204104416836,20250311,20250311,N,8002546105,4820250004789059,56000
1204104416843,20250311,20250311,N,8002546105,4820250004789066,69000
1204104416850,20250311,20250311,N,8002546105,4820250004789073,53000
1204104416868,20250311,20250311,N,8002546105,4820250004789080,168000
1204104416875,20250311,20250311,N,8002546105,4820250004789098,30000
1204104416882,20250311,20250311,N,8002546105,4820250004789106,67000
1204104416891,20250311,20250311,N,8002546105,4820250004789113,112000
1204104416908,20250311,20250311,N,8002546105,4820250004789120,87000
1204104416915,20250311,20250311,N,8002546105,4820250004789138,141000
1204104416922,20250311,20250311,N,8002546105,4820250004789145,9000
1204104416931,20250311,20250311,N,8002546105,4820250004789152,320000
1204104416947,20250311,20250311,N,8002546105,4820250004789161,52000
1204104416954,20250311,20250311,N,8002546105,4820250004789177,41000
1204104416961,20250311,20250311,N,8002546105,4820250004789184,51000
1204104416979,20250311,20250311,N,8002546105,4820250004789191,182000
1204104416986,20250311,20250311,N,8002546105,4820250004789201,69000
1204104416993,20250311,20250311,N,8002546105,4820250004789217,219000
1204104417003,20250311,20250311,N,8002546105,4820250004789224,231000
1204104417010,20250311,20250311,N,8002546105,4820250004789231,292000
1204104417028,20250311,20250311,N,8002546105,4820250004789249,564000
1204104417035,20250311,20250311,N,8002546105,4820250004789256,592000
1204104417042,20250311,20250311,N,8002546105,4820250004789263,53000
1204104417051,20250311,20250311,N,8002546105,4820250004789270,70000
1204104417067,20250311,20250311,N,8002546105,4820250004789288,149000
1204104417074,20250311,20250311,N,8002546105,4820250004789295,12000
1204104417081,20250311,20250311,N,8002546105,4820250004789303,88000
1204104417099,20250311,20250311,N,8002546105,4820250004789310,407000
1204104417107,20250311,20250311,N,8002546105,4820250004789328,634000
1204104417114,20250311,20250311,N,8002546105,4820250004789335,52000
1204104417121,20250311,20250311,N,8002546105,4820250004789342,580000
1204104417139,20250311,20250311,N,8002546105,4820250004789351,173000
1204104417146,20250311,20250311,N,8002546105,4820250004789367,103000
1204104417153,20250311,20250311,N,8002546105,4820250004789374,324000
1204104417160,20250311,20250311,N,8002546105,4820250004789381,32000
1204104417178,20250311,20250311,N,8002546105,4820250004789399,1548000
1204104417185,20250311,20250311,N,8002546105,4820250004789407,131000
1204104417192,20250311,20250311,N,8002546105,4820250004789414,25000
1204104417200,20250311,20250311,N,8002546105,4820250004789421,34000
1204104417218,20250311,20250311,N,8110012597,4820250004858771,387000
1204104417225,20250311,20250311,N,8110012597,4820250004858794,115000
1204104417232,20250311,20250311,N,8110012597,4820250004858762,60102000
1214030668166,20250311,20250311,N,82346723,4910052408505,498000
1228010587975,20250311,20250311,N,8600323002,4910052406548,67500000
1256010655556,20251311,20250311,N,10006565728,4910052408551,5000
1256010655563,20250311,20250311,N,668312421,4910052409202,20000
1287020605054,20250311,20250311,N,11148126180,4910052408813,120000
1299030539681,20250311,20250311,N,8020008338,3520250008382008,43527000
1314010527135,20250311,20250311,N,168930450,4910052408845,30000
1346020700064,20250311,20250311,N,669286107,4910052410267,100000
1348040601965,20250311,20250311,N,9017758515,4910052393795,319000
1374030757570,20250311,20250311,N,8050016321,3720250000047577,50566000
1374030757588,20250311,20250311,N,8050016321,3720250000047584,19290000
1374030757595,20250311,20250311,N,8050016321,3720250000047591,67376000
1374030757603,20250311,20250311,N,8050016321,3720250000047688,72475000
1374030757610,20250311,20250311,N,8050016321,3720250000047624,58389000
1374030757628,20250311,20250311,N,8050016321,3720250000047631,5659000
1374030757635,20250310,20250311,A,8050016321,3720250000047649,6919000
1374030757642,20250310,20250311,A,8050016321,3720250000047656,5529000
1531010542228,20250310,20250311,A,9018915595,4910052406254,161331000
1554010581909,20250310,20250311,A,10441005327,4910052409384,10000
1566010669792,20250310,20250311,A,8002519571,8820250000635902,10649000
1566010669800,20250310,20250311,A,8002519571,8820250000635894,3250000
1677030534303,20250311,20250311,N,8000063179,6908303239728,636000
